1476444485 1136
1476449104 1137
1476715229 1137
1476715341 1137
1476779738 1139
1476780333 1141
1476780481 1141
1476782043 1141
1476782620 1141
1476783167 1144
1476784765 1144
1476793276 1365
1476793291 1365
1476793858 1365
1476960880 1365
1476962841 1567
1476966090 1567
1476966267 1601
1477653046 1744
1477653073 1753
1477906313 1756
1477925995 1766
1478003205 1768
1478007785 2725
1478254616 1794
1478260425 1795
1478263024 1794
1478594926 1796
1478595135 1896
1478619484 2723
1478850327 2723
1478854200 2753
1479215833 2753
1479216371 2743
1479217012 2743
1479218159 2754
1479378062 2940
1479378080 3419
1479378761 3419
1479381328 3419
1479745630 3740
1479826924 3717
1479995542 3717
1479995776 4224
1479997076 4243
1479998089 4244
1480003322 4295
1480066081 4297
1480335733 4542
1480336687 4535
1480341549 4534
1480346759 4554
1480409936 4824
1480607512 4824
1480689371 4942
1480690337 4942
1480691037 4961
1480947121 4967
1481029181 4967
1481032191 5025
1481032235 5026
1481200403 5029
1481205228 5029
1481287704 5030
1481298392 5132
1481620474 5141
1481620542 5142
1481620583 5150
1481640399 5240
1481640694 5330
1482145791 5244
1482147683 5207
1482158871 14484
1482244668 14522
